14,342
14,341
14,340
14,339
14,338
14,337
14,336
14,335
14,334
14,333
14,332
14,331
14,330
14,329
14,328
14,327
14,326
14,325
14,324
14,323
14,322
14,321
14,320
0,341
0,338
14,127
14,126
14,125
14,124
0,337
0,334
0,333
14,123
14,122
14,121
14,120
14,119
14,118
14,117
14,116
14,115
14,113
14,112
14,111
14,110
14,109
14,90
14,191
14,190
14,189
14,188
14,187
14,255
14,254
14,253
14,252
14,251
0,332
0,331
0,330
0,328
15,8
0,327
0,326
0,325
0,318
0,317
0,315
0,314
0,311
0,310
0,309
15,7
15,6
0,511
0,510
0,509
0,508
0,507
16,9
0,506
14,250
14,249
14,248
14,247
14,246
14,245
14,244
0,505
0,504
14,232
14,231
14,230
14,229
14,11
14,10
14,5
14,4
14,2
14,1
14,0
13,4
13,3
13,2
13,1
13,0
12,9
12,8
12,7
12,6
12,5
12,4
12,3
12,2
12,1
12,0
11,5
11,4
11,3
11,2
11,1
11,0
10,4
10,3
10,2
10,1
10,0
9,5
9,4
9,3
9,2
9,1
9,0
8,5
8,4
8,3
8,2
8,1
8,0
7,5
7,4
7,3
7,2
7,1
7,0
6,5
6,4
6,3
6,2
6,1
6,0
5,6
5,5
5,4
5,3
5,2
5,1
5,0
4,3
2,17
2,16
2,15
2,14
2,13
2,12
2,11
2,10
2,9
2,8
2,7
2,6
2,5
2,4
2,3
2,2
2,1
2,0
1,3
14,92
0,438
14,3
0,437
0,410
0,324
0,243
0,9
0,0
0,1
0,479
0,300
0,351
0,299
0,349
0,298
0,478
0,297
0,321
0,296
0,320
0,295
0,427
0,294
0,486
0,293
0,319
0,292
0,313
0,291
0,485
0,290
0,453
0,289
0,471
0,288
0,500
0,287
0,499
0,286
0,449
0,285
0,316
0,284
0,283
0,470
0,282
0,413
0,281
0,280
0,484
0,279
0,467
0,278
0,498
0,277
0,276
0,275
0,491
0,274
0,404
0,273
0,272
0,493
14,38
14,64
14,66
14,68
14,69
14,71
14,72
14,74
14,76
14,77
14,79
14,80
14,82
14,83
14,85
14,87
14,88
14,91
14,93
14,95
14,97
14,98
14,100
14,101
14,103
14,104
14,106
14,108
14,114
14,154
14,156
14,157
14,159
14,161
14,162
14,164
14,165
14,167
14,168
14,170
14,172
14,173
14,192
14,194
14,196
14,197
14,199
14,200
14,202
14,204
14,205
14,207
14,208
14,210
14,211
14,213
14,215
14,216
14,218
14,219
14,221
14,223
14,224
14,236
15,1
15,2
15,4
15,5
16,1
16,2
16,4
16,6
16,7
16,10
17,0
17,2
17,4
17,5
17,7
17,8
17,10
18,0
18,2
18,4
19,0
19,2
19,3
20,0
20,2
20,3
20,5
21,0
21,2
21,3
22,0
22,2
22,3
22,5
23,0
23,2
23,4
24,0
24,2
24,3
24,5
24,6
25,0
25,2
25,3
26,0
26,1
26,3
26,5
27,0
27,2
27,3
27,5
27,7
28,0
28,2
28,3
28,5
29,0
29,2
30,0
30,1
30,3
30,4
31,0
31,2
31,3
32,1
32,2
32,4
33,0
33,2
33,4
33,5
34,1
34,2
34,4
35,1
35,2
35,4
36,0
36,2
36,3
36,5
37,1
37,2
37,4
37,5
37,7
37,9
38,0
38,2
38,3
39,0
39,2
39,3
40,1
40,2
40,4
41,0
41,2
41,4
42,0
42,2
42,3
43,0
43,2
43,3
43,5
43,6
44,1
44,2
44,4
44,6
44,7
45,1
45,2
45,4
46,0
46,1
46,3
46,4
47,0
47,1
47,3
47,5
47,6
48,1
48,2
48,4
48,10
49,0
49,2
49,3
49,5
50,0
50,2
51,0
51,1
51,3
52,0
52,2
52,4
52,5
52,7
52,8
52,10
52,12
52,13
52,15
52,16
52,18
52,19
52,21
52,23
52,24
53,0
53,1
53,3
53,5
54,0
54,2
54,3
55,0
55,1
55,3
55,2
54,4
54,1
53,4
53,2
52,25
52,22
52,20
52,17
52,14
52,11
52,9
52,6
52,3
52,1
51,2
50,3
50,1
49,4
49,1
48,5
48,3
48,0
47,4
47,2
46,5
46,2
45,5
45,3
45,0
44,5
44,3
44,0
43,4
43,1
42,4
42,1
41,3
41,1
40,3
40,0
39,1
38,4
38,1
37,8
37,6
37,3
37,0
36,4
36,1
35,3
35,0
34,3
34,0
33,3
33,1
32,3
32,0
31,1
30,5
30,2
29,3
29,1
28,4
28,1
27,6
27,4
27,1
26,4
26,2
25,4
25,1
24,7
24,4
24,1
23,3
23,1
22,4
22,1
21,4
21,1
20,4
20,1
19,4
19,1
18,3
18,1
17,9
17,6
17,3
17,1
16,8
16,5
16,3
16,0
15,3
15,0
14,222
14,220
14,217
14,214
14,212
14,209
14,206
14,203
14,201
14,198
14,195
14,193
14,171
14,169
14,166
14,163
14,160
14,158
14,155
14,107
14,105
14,102
14,99
14,96
14,94
14,89
14,86
14,84
14,81
14,78
14,75
14,73
14,70
14,67
14,65
0,271
0,452
0,270
0,269
0,268
0,451
0,267
0,489
0,266
0,483
0,265
0,482
0,264
0,488
0,263
0,262
0,261
0,260
0,259
0,258
0,257
0,256
0,255
0,254
0,387
0,253
0,373
0,252
0,461
0,251
0,344
0,250
0,448
0,249
0,423
0,248
0,391
0,247
0,390
0,246
0,443
0,245
0,460
0,244
0,464
0,242
0,432
0,241
0,450
0,240
0,239
0,463
0,238
0,389
0,237
0,431
0,236
0,383
0,235
0,234
0,474
0,233
0,232
0,466
0,231
0,230
0,339
0,229
0,462
0,228
0,227
0,477
0,226
0,336
0,225
0,476
0,224
0,335
0,223
0,386
0,222
0,366
0,221
0,497
0,220
0,323
0,219
0,492
0,218
0,322
0,217
0,496
0,216
0,475
0,215
0,490
0,214
0,472
0,213
0,381
0,212
0,503
0,211
0,210
0,209
0,340
0,208
0,207
0,430
0,206
0,481
0,205
0,502
0,204
0,501
0,203
0,202
0,429
0,201
0,200
0,459
0,199
0,487
0,198
0,465
0,197
0,424
0,196
0,458
0,195
0,329
0,194
0,495
0,193
0,494
0,192
0,457
0,63
0,456
0,62
0,371
0,61
0,369
0,60
0,342
0,59
0,359
0,58
0,57
0,469
0,56
0,468
0,55
0,428
0,54
0,455
0,53
0,447
0,52
0,312
0,51
0,446
0,50
0,445
0,49
0,384
0,48
0,47
0,480
0,46
0,355
0,45
0,454
0,6
0,5
0,304
0,303
0,306
0,305
0,302
0,12
0,436
0,10
0,8
0,11
0,4
0,2
0,3
0,7
